1.272430562029099464e+10
1.272430562029099464e+10
1.272430562029099464e+10
1.271263611264354324e+10
1.268806417944199944e+10
1.268806417944199944e+10
1.268806417944199944e+10
1.268806417944199944e+10
1.268806417944199944e+10
1.268806417944199944e+10
1.258957749335773849e+10
1.255931012748368263e+10
1.251767302883469200e+10
1.251767302883469200e+10
1.250223102498591232e+10
1.250223102498591232e+10
1.250223102498591232e+10
1.250223102498591232e+10
1.250223102498591232e+10
1.250223102498591232e+10
1.250223102498591232e+10
1.241950123203160477e+10
1.212646589831380272e+10
1.212646589831380272e+10
1.212646589831380272e+10
1.199572746111270142e+10
1.188001921864198494e+10
1.188001921864198494e+10
1.183827351743239403e+10
1.183827351743239403e+10
1.183827351743239403e+10
1.157906854659134865e+10
1.157906854659134865e+10
1.157906854659134865e+10
1.157906854659134865e+10
1.157906854659134865e+10
1.157906854659134865e+10
1.157906854659134865e+10
1.157906854659134865e+10
1.153585560658265495e+10
1.153585560658265495e+10
1.153585560658265495e+10
1.153585560658265495e+10
1.135291027027611160e+10
1.135291027027611160e+10
1.135291027027611160e+10
1.135291027027611160e+10
1.135291027027611160e+10
1.133602101398396683e+10
1.131647602027788544e+10
1.131647602027788544e+10
1.129669256217400169e+10
1.129669256217400169e+10
1.129669256217400169e+10
1.127132355551196861e+10
1.127132355551196861e+10
1.127132355551196861e+10
1.110219482072839928e+10
1.110219482072839928e+10
1.072835232007668304e+10
1.069368603675418282e+10
1.069368603675418282e+10
1.069368603675418282e+10
1.069368603675418282e+10
1.069368603675418282e+10
1.069368603675418282e+10
1.069368603675418282e+10
1.069368603675418282e+10
1.069368603675418282e+10
1.069368603675418282e+10
1.069368603675418282e+10
1.069368603675418282e+10
1.069342330323721886e+10
1.069342330323721886e+10
1.068316364876213455e+10
1.068316364876213455e+10
1.068316364876213455e+10
1.053782618289819908e+10
1.053782618289819908e+10
1.053782618289819908e+10
1.051694396796457100e+10
1.038266142470460129e+10
1.038266142470460129e+10
1.033557242073250580e+10
1.033557242073250580e+10
1.033557242073250580e+10
1.015410239461522102e+10
1.015410239461522102e+10
1.015410239461522102e+10
1.015410239461522102e+10
1.015410239461522102e+10
1.015410239461522102e+10
1.015410239461522102e+10
1.015410239461522102e+10
1.015410239461522102e+10
1.015410239461522102e+10
1.015410239461522102e+10
1.015410239461522102e+10
1.015410239461522102e+10
1.015410239461522102e+10
1.015410239461522102e+10
1.015410239461522102e+10
9.970978935631334305e+09
9.970978935631334305e+09
9.970978935631334305e+09
9.970978935631334305e+09
9.899487569888759613e+09
9.899487569888759613e+09
9.890455913224130630e+09
9.890455913224130630e+09
9.869879648039506912e+09
9.834592185632144928e+09
9.834592185632144928e+09
9.721622997158742905e+09
9.721622997158742905e+09
9.721622997158742905e+09
9.721622997158742905e+09
9.721622997158742905e+09
9.683507121827905655e+09
9.676558917790451050e+09
9.676558917790451050e+09
9.676558917790451050e+09
9.676558917790451050e+09
9.676558917790451050e+09
9.676558917790451050e+09
9.676558917790451050e+09
9.676558917790451050e+09
9.676558917790451050e+09
9.676558917790451050e+09
9.676558917790451050e+09
9.676558917790451050e+09
9.676558917790451050e+09
9.676558917790451050e+09
9.676558917790451050e+09
9.590419276652288437e+09
9.590419276652288437e+09
9.590419276652288437e+09
9.590419276652288437e+09
9.590419276652288437e+09
9.590419276652288437e+09
9.590419276652288437e+09
9.590419276652288437e+09
9.590419276652288437e+09
9.590419276652288437e+09
9.590419276652288437e+09
9.590419276652288437e+09
9.568469082153533936e+09
9.568469082153533936e+09
9.568469082153533936e+09
9.568469082153533936e+09
9.529952181019411087e+09
9.513783022744447708e+09
9.490600083061782837e+09
9.490600083061782837e+09
9.490600083061782837e+09
9.490600083061782837e+09
9.490600083061782837e+09
9.490600083061782837e+09
9.490600083061782837e+09
9.490600083061782837e+09
9.490600083061782837e+09
9.490600083061782837e+09
9.490600083061782837e+09
9.490600083061782837e+09
9.490600083061782837e+09
9.490600083061782837e+09
9.490600083061782837e+09
9.490600083061782837e+09
9.490600083061782837e+09
9.467598378198694229e+09
9.467598378198694229e+09
9.467598378198694229e+09
9.467598378198694229e+09
9.467598378198694229e+09
9.467598378198694229e+09
9.467598378198694229e+09
9.467598378198694229e+09
9.467598378198694229e+09
9.453188444769048691e+09
9.453188444769048691e+09
9.453188444769048691e+09
9.453188444769048691e+09
9.440546131803934097e+09
9.440546131803934097e+09
9.440546131803934097e+09
9.436998772362302780e+09
9.436998772362302780e+09
9.436998772362302780e+09
9.436998772362302780e+09
9.436998772362302780e+09
9.436998772362302780e+09
9.436998772362302780e+09
9.436998772362302780e+09
9.436998772362302780e+09
9.436998772362302780e+09
9.433473493594219208e+09
9.433473493594230652e+09
9.433473493594230652e+09
9.433473493594230652e+09
9.433473493594230652e+09
9.433473493594230652e+09
9.433473493594230652e+09
9.433473493594230652e+09
9.433473493594230652e+09
9.433473493594230652e+09
9.433473493594230652e+09
9.433473493594230652e+09
9.433473493594230652e+09
9.433473493594230652e+09
9.384740278992197037e+09
9.384740278992197037e+09
9.384740278992197037e+09
9.131775598681043625e+09
9.131775598681043625e+09
9.052550574273387909e+09
9.052550574273387909e+09
9.052550574273387909e+09
9.052550574273387909e+09
9.052550574273387909e+09
9.052550574273387909e+09
9.052550574273387909e+09
9.052550574273387909e+09
9.016088383078050613e+09
9.016088383078050613e+09
9.016088383078050613e+09
9.016088383078050613e+09
9.016088383078050613e+09
8.965566597925378799e+09
8.965566597925378799e+09
8.965566597925378799e+09
8.837720955814552307e+09
8.837720955814552307e+09
8.837720955814552307e+09
8.837720955814552307e+09
8.837720955814552307e+09
8.837720955814552307e+09
8.837720955814552307e+09
8.837720955814552307e+09
8.704556002839490891e+09
8.704556002839490891e+09
8.704556002839490891e+09
8.704556002839490891e+09
8.704556002839490891e+09
8.704556002839490891e+09
8.643315653449865341e+09
8.643315653449865341e+09
8.643315653449865341e+09
8.643315653449865341e+09
8.643315653449865341e+09
8.643315653449865341e+09
8.593219348566753387e+09
8.566789769268368721e+09
8.420154886875661850e+09
8.420154886875661850e+09
8.420154886875661850e+09
8.392057458878542900e+09
8.392057458878542900e+09
8.392057458878542900e+09
8.392057458878542900e+09
8.392057458878542900e+09
8.392057458878542900e+09
8.206191880919807434e+09
8.206191880919807434e+09
8.206191880919807434e+09
8.206191880919807434e+09
8.121717473262802124e+09
8.095995775875368118e+09
8.095995775875368118e+09
8.095995775875368118e+09
8.095995775875368118e+09
7.956139029150792122e+09
7.886643768405354500e+09
7.886643768405354500e+09
7.886643768405354500e+09
7.886643768405354500e+09
7.886643768405354500e+09
7.842814929965836525e+09
7.842814929965836525e+09
7.831479890608582497e+09
7.831479890608582497e+09
7.831479890608582497e+09
7.708195323319323540e+09
7.708195323319323540e+09
7.619577217112043381e+09
7.619577217112043381e+09
7.619577217112043381e+09
7.619577217112043381e+09
7.619577217112043381e+09
7.619577217112043381e+09
7.603319225694694519e+09
7.603319225694694519e+09
7.603319225694694519e+09
7.603319225694694519e+09
7.603319225694694519e+09
7.603319225694694519e+09
7.603319225694755554e+09
7.547427152348320961e+09
7.547427152348320961e+09
7.547427152348320961e+09
7.547427152348320961e+09
7.547427152348320961e+09
7.498928310973649025e+09
7.445945180009140968e+09
7.445945180009140968e+09
7.445945180009140968e+09
7.445945180009140968e+09
7.400823573563790321e+09
7.313270633036265373e+09
7.313270633036265373e+09
7.313270633036265373e+09
7.313270633036265373e+09
7.313270633036265373e+09
7.288881851006947517e+09
7.288881851006947517e+09
7.288881851006947517e+09
7.288881851006947517e+09
7.288881851006947517e+09
7.288881851006947517e+09
7.223007078250697136e+09
7.223007078250697136e+09
7.203487808870731354e+09
7.203487808870731354e+09
7.203487808870731354e+09
7.203487808870731354e+09
7.203487808870731354e+09
7.203487808870731354e+09
7.203487808870731354e+09
7.203487808870731354e+09
7.203487808870731354e+09
7.203487808870731354e+09
7.203487808870731354e+09
7.203487808870731354e+09
7.170742881800206184e+09
7.170742881800206184e+09
7.170742881800206184e+09
7.170742881800206184e+09
7.014404521958869934e+09
7.014404521958869934e+09
7.014404521958869934e+09
7.014404521958869934e+09
7.014404521958869934e+09
6.835795274830519676e+09
6.835795274830519676e+09
6.835795274830519676e+09
6.835795274830519676e+09
6.835795274830519676e+09
6.834359609707909584e+09
6.834359609707909584e+09
6.704489918186404228e+09
6.704489918186404228e+09
6.704489918186404228e+09
6.704489918186404228e+09
6.704489918186404228e+09
6.704489918186404228e+09
6.704489918186404228e+09
6.704489918186404228e+09
6.704489918186404228e+09
6.704489918186404228e+09
6.704489918186404228e+09
6.704489918186404228e+09
6.704489918186404228e+09
6.704489918186404228e+09
6.704489918186404228e+09
6.704489918186404228e+09
6.663029705988560677e+09
6.663029705988560677e+09
6.663029705988560677e+09
6.663029705988560677e+09
6.663029705988560677e+09
6.663029705988560677e+09
6.663029705988560677e+09
6.663029705988560677e+09
6.663029705988560677e+09
6.663029705988560677e+09
6.663029705988560677e+09
6.632781695905497551e+09
6.632781695905497551e+09
6.604175089532966614e+09
6.604175089532966614e+09
6.584727250124048233e+09
6.584727250124048233e+09
6.584727250124048233e+09
6.584727250124048233e+09
6.584727250124048233e+09
6.584727250124048233e+09
6.584727250124048233e+09
6.584727250124048233e+09
6.584727250124048233e+09
6.584727250124048233e+09
6.510652586490406990e+09
6.510652586490406990e+09
6.510652586490406990e+09
6.493959078688397408e+09
6.493959078688397408e+09
6.406607612027039528e+09
6.406607612027039528e+09
6.406607612027039528e+09
6.406607612027039528e+09
6.406607612027039528e+09
6.406607612027039528e+09
6.406607612027039528e+09
6.406607612027039528e+09
6.358066087216902733e+09
6.358066087216902733e+09
6.358066087216902733e+09
6.358066087216902733e+09
6.358066087216902733e+09
6.358066087216902733e+09
6.358066087216902733e+09
6.358066087216902733e+09
6.358066087216902733e+09
6.358066087216902733e+09
6.358066087216902733e+09
6.358066087216902733e+09
6.358066087216902733e+09
6.358066087216902733e+09
6.358066087216902733e+09
6.319910833631524086e+09
6.294890137817931175e+09
6.294890137817931175e+09
6.294890137817931175e+09
6.280560888959637642e+09
6.280560888959637642e+09
6.280560888959637642e+09
6.280560888959637642e+09
6.280560888959637642e+09
6.280560888959637642e+09
6.280560888959637642e+09
6.280560888959637642e+09
6.280560888959637642e+09
6.280560888959637642e+09
6.280560888959637642e+09
6.280560888959637642e+09
6.280560888959637642e+09
6.280560888959637642e+09
6.280560888959637642e+09
6.280560888959637642e+09
6.280560888959637642e+09
6.280560888959637642e+09
6.265916269820410728e+09
6.265916269820410728e+09
6.265916269820410728e+09
6.048578970753144264e+09
6.048578970753144264e+09
6.048578970753144264e+09
6.048578970753144264e+09
6.048578970753144264e+09
6.048578970753144264e+09
6.048578970753144264e+09
6.048578970753144264e+09
6.048578970753144264e+09
6.048578970753144264e+09
6.048578970753144264e+09
5.976247352904957771e+09
5.976247352904957771e+09
5.976247352904957771e+09
5.976247352904957771e+09
5.976247352904957771e+09
5.976247352904957771e+09
5.976247352904957771e+09
5.976247352904957771e+09
5.967617998237508774e+09
5.967617998237508774e+09
5.942373626103740692e+09
5.942373626103740692e+09
5.942373626103740692e+09
5.942373626103740692e+09
5.942373626103740692e+09
5.942373626103740692e+09
5.942373626103740692e+09
5.942373626103740692e+09
5.942373626103740692e+09
5.942373626103740692e+09
5.942373626103740692e+09
5.942373626103740692e+09
5.942373626103740692e+09
5.942373626103740692e+09
5.893650854626798630e+09
5.893650854626798630e+09
5.893650854626798630e+09
5.893650854626798630e+09
5.877716866954298973e+09
5.877716866954298973e+09
5.877716866954298973e+09
5.624247657159697533e+09
5.624247657159697533e+09
5.624247657159697533e+09
5.616056123303509712e+09
5.616056123303509712e+09
5.616056123303509712e+09
5.616056123303509712e+09
5.616056123303509712e+09
5.616056123303509712e+09
5.616056123303509712e+09
5.616056123303509712e+09
5.616056123303509712e+09
5.616056123303509712e+09
5.616056123303509712e+09
5.595403480689268112e+09
5.595403480689268112e+09
5.595403480689268112e+09
5.595403480689268112e+09
5.595403480689268112e+09
5.595403480689268112e+09
5.595403480689268112e+09
5.595403480689268112e+09
5.595403480689268112e+09
5.595403480689268112e+09
5.595403480689268112e+09
5.484268037580633163e+09
5.484268037580633163e+09
5.484268037580633163e+09
5.484268037580633163e+09
5.439880111279661179e+09
5.417525638651571274e+09
5.417525638651571274e+09
5.417525638651571274e+09
5.417525638651571274e+09
5.417525638651571274e+09
5.417525638651571274e+09
5.417525638651571274e+09
5.417525638651571274e+09
5.417525638651571274e+09
5.417525638651571274e+09
5.200932697171889305e+09
5.129923206966008186e+09
5.129923206966008186e+09
5.129923206966008186e+09
5.129923206966008186e+09
5.129923206966008186e+09
5.129923206966008186e+09
5.129923206966008186e+09
5.129923206966008186e+09
5.129923206966008186e+09
5.129923206966008186e+09
5.129923206966008186e+09
5.129923206966008186e+09
5.129923206966008186e+09
5.129923206966008186e+09
5.129923206966008186e+09
5.129923206966008186e+09
5.024174855027677536e+09
4.962733096590070724e+09
4.921242238851605415e+09
4.921242238851605415e+09
4.921242238851605415e+09
4.905007857568029404e+09
4.905007857568029404e+09
4.905007857568029404e+09
4.905007857568029404e+09
4.888641294267531395e+09
4.888641294267531395e+09
4.888641294267531395e+09
4.888641294267531395e+09
4.888641294267531395e+09
4.888641294267531395e+09
4.888641294267531395e+09
4.888641294267531395e+09
4.783149625984752655e+09
4.783149625984752655e+09
4.765390622943462372e+09
4.765390622943462372e+09
4.765390622943462372e+09
4.765390622943462372e+09
4.765390622943462372e+09
4.765390622943462372e+09
4.765390622943462372e+09
4.716511300744551659e+09
4.716511300744551659e+09
4.716511300744551659e+09
4.716511300744551659e+09
4.716511300744551659e+09
4.716511300744551659e+09
4.716511300744551659e+09
4.716511300744551659e+09
4.716511300744551659e+09
4.716511300744551659e+09
4.716511300744551659e+09
4.716511300744551659e+09
4.695776050525341034e+09
4.695776050525341034e+09
4.695776050525341034e+09
4.695776050525341034e+09
4.695776050525341034e+09
4.695776050525341034e+09
4.695776050525341034e+09
4.695776050525341034e+09
4.695776050525341034e+09
4.695776050525341034e+09
4.695776050525341034e+09
4.695776050525341034e+09
4.648638191273965836e+09
4.648638191273965836e+09
4.648638191273965836e+09
4.624975749598093987e+09
4.624975749598093987e+09
4.624975749598093987e+09
4.624975749598093987e+09
4.598287305187103271e+09
4.598287305187103271e+09
4.598287305187103271e+09
4.598287305187103271e+09
4.598287305187103271e+09
4.598287305187103271e+09
4.587828685819805145e+09
4.587828685819805145e+09
4.507675896703772545e+09
4.507675896703772545e+09
4.507675896703772545e+09
4.507675896703772545e+09
4.507675896703772545e+09
4.507675896703772545e+09
4.507675896703772545e+09
4.507675896703772545e+09
4.507675896703772545e+09
4.507675896703772545e+09
4.507675896703772545e+09
4.507675896703772545e+09
4.507675896703772545e+09
4.507675896703772545e+09
4.507675896703772545e+09
4.507675896703772545e+09
4.507675896703772545e+09
4.507675896703772545e+09
4.507675896703772545e+09
4.507675896703772545e+09
4.507675896703772545e+09
4.507675896703772545e+09
4.507675896703772545e+09
4.507675896703772545e+09
4.507675896703772545e+09
4.507675896703772545e+09
4.507675896703772545e+09
4.507675896703772545e+09
4.507675896703772545e+09
4.477459315688547134e+09
4.477459315688547134e+09
4.477459315688547134e+09
4.477459315688547134e+09
4.477459315688547134e+09
4.477459315688547134e+09
4.477459315688547134e+09
4.477459315688547134e+09
4.403284605619576454e+09
4.403284605619576454e+09
4.403284605619576454e+09
4.403284605619576454e+09
4.403284605619576454e+09
4.403284605619576454e+09
4.403284605619576454e+09
4.403284605619576454e+09
4.403284605619576454e+09
4.403284605619576454e+09
4.403284605619576454e+09
4.364841129926696777e+09
4.364841129926696777e+09
4.364841129926696777e+09
4.364841129926696777e+09
4.364841129926696777e+09
4.364841129926696777e+09
4.364841129926696777e+09
4.364841129926696777e+09
4.364841129926696777e+09
4.364841129926696777e+09
4.364841129926696777e+09
4.364841129926696777e+09
4.285810200127589226e+09
4.285810200127589226e+09
4.285810200127589226e+09
4.285810200127589226e+09
4.285810200127589226e+09
4.285810200127589226e+09
4.285810200127589226e+09
4.285810200127589226e+09
4.285810200127589226e+09
4.285810200127589226e+09
4.285810200127589226e+09
4.285810200127589226e+09
4.285810200127589226e+09
4.285810200127589226e+09
4.285810200127589226e+09
4.285810200127589226e+09
4.285810200127589226e+09
4.285810200127589226e+09
4.285810200127589226e+09
4.270238460146866798e+09
4.270238460146866798e+09
4.270238460146866798e+09
4.270238460146866798e+09
4.270238460146866798e+09
4.207253252607165813e+09
4.207253252607165813e+09
4.207253252607165813e+09
4.207253252607165813e+09
4.207253252607165813e+09
4.207253252607165813e+09
4.207253252607165813e+09
4.207253252607165813e+09
4.207253252607165813e+09
4.207253252607165813e+09
4.207253252607165813e+09
4.201512111126903534e+09
4.201512111126903534e+09
4.201512111126903534e+09
4.201512111126903534e+09
4.201512111126903534e+09
4.201512111126903534e+09
4.176090848318934441e+09
4.176090848318934441e+09
4.176090848318934441e+09
4.176090848318934441e+09
4.176090848318934441e+09
4.176090848318934441e+09
4.176090848318934441e+09
4.176090848318934441e+09
4.176090848318934441e+09
4.176090848318934441e+09
4.176090848318934441e+09
4.176090848318934441e+09
4.176090848318934441e+09
4.176090848318934441e+09
4.176090848318934441e+09
4.166909050105833054e+09
4.166909050105833054e+09
4.166909050105833054e+09
4.108502357794608116e+09
4.108502357794608116e+09
4.047056093228084564e+09
4.047056093228084564e+09
4.047056093228084564e+09
4.047056093228084564e+09
4.047056093228084564e+09
4.047056093228084564e+09
4.047056093228084564e+09
4.047056093228084564e+09
4.047056093228084564e+09
4.011067732061056137e+09
4.011067732061056137e+09
3.998407603354383945e+09
3.998407603354383945e+09
3.998407603354383945e+09
3.998407603354383945e+09
3.998407603354383945e+09
3.998407603354383945e+09
3.998407603354383945e+09
3.998407603354383945e+09
3.998407603354383945e+09
3.998407603354383945e+09
3.998407603354383945e+09
3.998407603354383945e+09
3.998407603354383945e+09
3.998407603354383945e+09
3.998407603354383945e+09
3.998407603354383945e+09
3.998407603354383945e+09
3.998407603354383945e+09
3.998407603354383945e+09
3.954152757470008373e+09
3.954152757470008373e+09
3.954152757470008373e+09
3.954152757470008373e+09
3.954152757470008373e+09
3.954152757470008373e+09
3.846839400710608482e+09
3.846839400710608482e+09
3.846839400710608482e+09
3.846839400710608482e+09
3.846839400710608482e+09
3.843722745498673916e+09
3.826011091756529331e+09
3.826011091756529331e+09
3.826011091756529331e+09
3.826011091756529331e+09
3.799308822129792690e+09
3.799308822129792690e+09
3.756015854756528378e+09
3.756015854756528378e+09
3.746909156757305622e+09
3.746909156757305622e+09
3.742397938784782887e+09
3.742397938784782887e+09
3.742397938784782887e+09
3.742397938784782887e+09
3.742397938784782887e+09
3.736445405454563618e+09
3.689269626484891891e+09
3.689269626484891891e+09
3.689269626484891891e+09
3.689269626484891891e+09
3.689269626484891891e+09
3.689269626484891891e+09
3.689269626484891891e+09
3.688341101967278481e+09
3.688341101967278481e+09
3.662357871163751602e+09
3.662357871163751602e+09
3.662357871163751602e+09
3.636140583856634617e+09
3.636140583856634617e+09
3.636140583856634617e+09
3.636140583856634617e+09
3.636140583856634617e+09
3.636140583856634617e+09
3.636140583856634617e+09
3.636140583856634617e+09
3.636140583856634617e+09
3.636140583856634617e+09
3.636140583856634617e+09
3.636140583856634617e+09
3.636140583856634617e+09
3.636140583856634617e+09
3.636140583856634617e+09
3.605827713144813061e+09
3.586038046616330624e+09
3.586038046616330624e+09
3.586038046616330624e+09
3.579191957448244572e+09
3.579191957448244572e+09
3.546890082881576538e+09
3.546890082881576538e+09
3.546890082881576538e+09
3.536850641631917000e+09
3.536850641631917000e+09
3.536850641631917000e+09
3.536850641631917000e+09
3.536850641631917000e+09
3.536850641631917000e+09
3.536850641631917000e+09
3.536850641631917000e+09
3.536850641631917000e+09
3.536850641631917000e+09
3.402135412037240982e+09
3.402135412037240982e+09
3.391368142409817696e+09
3.391368142409817696e+09
3.391368142409817696e+09
3.387805817042959690e+09
3.372418519970884323e+09
3.372418519970884323e+09
3.372418519970884323e+09
3.372418519970884323e+09
3.372418519970884323e+09
3.372418519970884323e+09
3.372418519970884323e+09
3.372418519970884323e+09
3.372418519970884323e+09
3.372418519970884323e+09
3.372418519970884323e+09
3.327974006166608334e+09
3.327974006166608334e+09
3.327974006166608334e+09
3.327974006166608334e+09
3.327974006166608334e+09
3.327974006166608334e+09
3.327974006166608334e+09
3.327974006166608334e+09
3.327974006166608334e+09
3.327974006166608334e+09
3.327974006166608334e+09
3.327974006166608334e+09
3.313361223737903118e+09
3.313361223737903118e+09
3.313361223737903118e+09
3.313361223737903118e+09
3.313361223737903118e+09
3.313361223737903118e+09
3.313361223737903118e+09
3.313361223737903118e+09
3.261537298314044952e+09
3.153923533820908070e+09
3.153923533820908070e+09
3.153923533820908070e+09
3.153923533820908070e+09
3.153923533820908070e+09
3.153923533820908070e+09
3.153923533820908070e+09
3.153923533820908070e+09
3.153923533820908070e+09
3.153923533820908070e+09
3.153923533820908070e+09
3.153923533820908070e+09
3.153923533820908070e+09
3.153923533820908070e+09
3.153923533820908070e+09
3.153923533820908070e+09
3.153923533820908070e+09
3.153923533820908070e+09
3.153923533820908070e+09
3.153923533820908070e+09
3.153923533820908070e+09
3.153923533820908070e+09
3.153923533820908070e+09
3.153923533820908070e+09
3.153923533820908070e+09
3.153923533820908070e+09
3.153923533820908070e+09
3.153923533820908070e+09
3.153923533820908070e+09
3.153923533820908070e+09
3.153923533820908070e+09
3.153923533820908070e+09
3.153923533820908070e+09
3.153923533820908070e+09
3.153923533820908070e+09
3.153923533820908070e+09
3.153923533820908070e+09
3.153923533820908070e+09
3.153923533820908070e+09
3.153923533820908070e+09
3.153923533820908070e+09
3.153923533820908070e+09
3.153923533820908070e+09
3.132464445176706314e+09
3.132464445176706314e+09
3.079273441671296120e+09
3.079273441671296120e+09
3.079273441671296120e+09
3.079273441671296120e+09
3.079273441671296120e+09
3.064240361207985401e+09
3.064240361207985401e+09
3.064240361207985401e+09
3.064240361207985401e+09
3.064240361207985401e+09
2.980676980073034286e+09
2.980676980073034286e+09
2.980676980073034286e+09
2.931876163498586655e+09
2.861779602008837223e+09
2.861779602008837223e+09
2.861779602008837223e+09
2.861779602008837223e+09
2.861779602008837223e+09
2.861779602008837223e+09
2.861779602008837223e+09
2.861779602008837223e+09
2.861779602008837223e+09
2.861723146248927116e+09
2.861723146248927116e+09
2.861723146248927116e+09
2.861723146248927116e+09
2.861723146248927116e+09
2.861723146248927116e+09
2.842188241489119530e+09
2.842188241489119530e+09
2.842188241489119530e+09
2.842188241489119530e+09
2.842188241489119530e+09
2.842188241489119530e+09
2.842188241489119530e+09
2.842188241489119530e+09
2.842188241489119530e+09
2.801619339557209492e+09
2.801619339557209492e+09
2.801619339557209492e+09
2.801619339557209492e+09
2.801619339557209492e+09
2.801619339557209492e+09
2.801619339557209492e+09
2.801619339557209492e+09
2.801619339557209492e+09
2.801619339557209492e+09
2.801619339557209492e+09
2.801619339557209492e+09
2.801619339557209492e+09
2.801619339557209492e+09
2.801619339557209492e+09
2.801619339557209492e+09
2.801619339557209492e+09
2.801619339557209492e+09
2.801619339557209492e+09
2.801619339557209492e+09
2.801619339557209492e+09
2.801619339557209492e+09
2.801619339557209492e+09
2.801619339557209492e+09
2.801619339557209492e+09
2.801619339557209492e+09
2.762829450296366692e+09
2.762829450296366692e+09
2.762829450296366692e+09
2.762829450296366692e+09
2.762829450296366692e+09
2.762829450296366692e+09
2.762829450296366692e+09
2.762829450296366692e+09
2.762829450296366692e+09
2.762829450296366692e+09
2.762829450296366692e+09
2.762829450296366692e+09
2.762829450296366692e+09
2.751487709933992386e+09
2.737006868025585175e+09
2.737006868025585175e+09
2.737006868025585175e+09
2.737006868025585175e+09
2.737006868025585175e+09
2.737006868025585175e+09
2.737006868025585175e+09
2.737006868025585175e+09
2.737006868025585175e+09
2.737006868025585175e+09
2.714005685956335068e+09
2.714005685956335068e+09
2.714005685956335068e+09
2.714005685956335068e+09
2.714005685956335068e+09
2.662304192468631268e+09
2.662304192468631268e+09
2.662304192468631268e+09
2.662304192468631268e+09
2.662304192468631268e+09
2.662304192468631268e+09
2.662304192468631268e+09
2.662304192468631268e+09
2.662304192468631268e+09
2.662304192468631268e+09
2.662304192468631268e+09
2.662304192468631268e+09
2.662304192468631268e+09
2.662304192468631268e+09
2.598773126432211876e+09
2.598773126432211876e+09
2.598773126432211876e+09
2.598773126432211876e+09
2.588013905943050861e+09
2.583294028795724392e+09
2.583294028795724392e+09
2.583294028795724392e+09
2.583294028795724392e+09
2.583294028795724392e+09
2.583294028795724392e+09
2.583294028795724392e+09
2.583294028795724392e+09
2.571672162497284889e+09
2.571672162497284889e+09
2.571672162497284889e+09
2.571672162497284889e+09
2.571672162497284889e+09
2.571672162497284889e+09
2.571672162497284889e+09
2.571672162497284889e+09
2.571672162497284889e+09
2.571672162497284889e+09
2.571672162497284889e+09
2.571672162497284889e+09
2.571672162497284889e+09
2.571672162497284889e+09
2.571672162497284889e+09
2.557232657350770950e+09
2.485313282471179008e+09
2.485313282471179008e+09
2.485313282471179008e+09
2.485313282471179008e+09
2.485313282471179008e+09
2.485313282471179008e+09
2.485313282471179008e+09
2.485313282471179008e+09
2.485313282471179008e+09
2.485313282471179008e+09
2.485313282471179008e+09
2.485313282471179008e+09
2.485313282471179008e+09
2.485313282471179008e+09
2.485313282471179008e+09
2.485313282471179008e+09
2.485313282471179008e+09
2.485313282471179008e+09
2.485313282471179008e+09
2.485313282471179008e+09
2.485313282471179008e+09
2.485313282471179008e+09
2.485313282471179008e+09
2.485313282471179008e+09
2.485313282471179008e+09
2.485313282471179008e+09
2.485313282471179008e+09
2.485313282471179008e+09
2.485313282471179008e+09
2.485313282471179008e+09
2.485313282471179008e+09
2.485313282471179008e+09
2.485313282471179008e+09
2.485313282471179008e+09
2.485313282471179008e+09
2.485313282471179008e+09
2.485313282471179008e+09
2.485313282471179008e+09
2.485313282471179008e+09
2.485313282471179008e+09
2.485313282471179008e+09
2.485313282471179008e+09
2.485313282471179008e+09
2.485313282471179008e+09
2.485313282471179008e+09
2.485313282471179008e+09
2.485313282471179008e+09
2.485313282471179008e+09
2.485313282471179008e+09
2.485313282471179008e+09
2.485313282471179008e+09
2.485313282471179008e+09
2.485313282471179008e+09
2.485313282471179008e+09
2.485313282471179008e+09
2.485313282471179008e+09
2.485313282471179008e+09
2.485313282471179008e+09
2.485313282471179008e+09
2.485313282471179008e+09
2.485313282471179008e+09
2.485313282471179008e+09
2.485313282471179008e+09
2.485313282471179008e+09
2.479635839016970634e+09
2.479635839016970634e+09
2.479635839016970634e+09
2.479635839016970634e+09
2.390443335955638409e+09
2.390443335955638409e+09
2.390443335955638409e+09
2.390443335955638409e+09
2.390443335955638409e+09
2.390443335955638409e+09
2.390443335955638409e+09
2.390443335955638409e+09
2.390443335955638409e+09
2.371966008726143837e+09
2.371966008726143837e+09
2.371966008726143837e+09
2.371966008726143837e+09
2.371966008726143837e+09
2.371966008726143837e+09
2.366355218709897041e+09
2.366355218709897041e+09
2.366355218709897041e+09
2.366355218709897041e+09
2.327862374282820225e+09
2.327862374282820225e+09
2.327862374282820225e+09
2.327862374282820225e+09
2.327862374282820225e+09
2.327862374282820225e+09
2.327862374282820225e+09
2.327862374282820225e+09
2.327862374282820225e+09
2.327862374282820225e+09
2.327862374282820225e+09
2.327862374282820225e+09
2.327862374282820225e+09
2.319182101724385262e+09
2.319182101724385262e+09
2.319182101724385262e+09
2.319182101724385262e+09
2.319182101724385262e+09
2.295831840117842197e+09
2.290017067648034096e+09
2.290017067648034096e+09
2.280730190152452946e+09
2.280730190152452946e+09
2.280730190152452946e+09
2.280730190152452946e+09
2.280730190152452946e+09
2.280730190152452946e+09
2.280730190152452946e+09
2.280730190152452946e+09
2.280730190152452946e+09
2.280730190152452946e+09
2.280730190152452946e+09
2.280730190152452946e+09
2.280730190152452946e+09
2.265035204869350910e+09
2.265035204869350910e+09
2.265035204869350910e+09
2.265035204869350910e+09
2.196067924466739178e+09
2.196067924466739178e+09
2.196067924466739178e+09
2.184947210081227303e+09
2.184947210081227303e+09
2.184947210081227303e+09
2.184947210081227303e+09
2.184947210081227303e+09
2.184947210081227303e+09
2.184947210081227303e+09
2.184947210081227303e+09
2.184947210081227303e+09
2.174038098954045296e+09
2.174038098954045296e+09
2.174038098954045296e+09
2.174038098954045296e+09
2.171385831665969849e+09
2.171385831665969849e+09
2.171385831665969849e+09
2.155023103521872520e+09
2.155023103521872520e+09
2.155023103521872520e+09
2.155023103521872520e+09
2.155023103521872520e+09
2.155023103521872520e+09
2.155023103521872520e+09
2.155023103521872520e+09
2.155023103521872520e+09
2.155023103521872520e+09
2.155023103521872520e+09
2.155023103521872520e+09
2.153882083087718487e+09
2.153882083087718487e+09
2.153882083087718487e+09
2.153882083087718487e+09
2.153882083087718487e+09
2.153882083087718487e+09
2.106943614296077251e+09
2.106943614296077251e+09
2.106943614296077251e+09
2.077964173544407368e+09
2.077964173544407368e+09
2.077964173544407368e+09
2.077964173544407368e+09
2.077964173544407368e+09
2.077964173544407368e+09
2.077964173544407368e+09
2.077964173544407368e+09
2.077964173544407368e+09
2.077964173544407368e+09
2.077964173544407368e+09
2.077964173544407368e+09
2.077964173544407368e+09
2.077964173544407368e+09
2.077964173544407368e+09
2.060409430867893696e+09
2.060409430867893696e+09
2.060409430867893696e+09
2.060409430867893696e+09
2.060409430867893696e+09
2.060409430867893696e+09
2.060409430867893696e+09
2.060409430867893696e+09
2.060409430867893696e+09
2.060409430867893696e+09
2.060409430867893696e+09
2.060409430867893696e+09
2.060409430867893696e+09
2.060409430867893696e+09
2.060409430867893696e+09
2.060409430867893696e+09
2.057182525030885696e+09
2.057182525030885696e+09
2.057182525030885696e+09
2.057182525030885696e+09
2.057182525030885696e+09
2.057182525030885696e+09
2.057182525030885696e+09
2.057182525030885696e+09
2.057182525030885696e+09
2.057182525030885696e+09
2.057182525030885696e+09
2.057182525030885696e+09
2.057182525030885696e+09
2.057182525030885696e+09
2.054215759257184505e+09
2.054215759257184505e+09
2.054215759257184505e+09
2.054215759257184505e+09
2.054215759257184505e+09
2.054215759257184505e+09
2.054215759257184505e+09
2.054215759257184505e+09
2.054215759257184505e+09
2.054215759257184505e+09
2.054215759257184505e+09
2.054215759257184505e+09
2.054215759257184505e+09
2.054215759257184505e+09
2.054215759257184505e+09
2.054215759257184505e+09
2.054215759257184505e+09
2.054215759257184505e+09
2.054215759257184505e+09
2.054215759257184505e+09
2.054215759257184505e+09
2.054215759257184505e+09
2.054215759257184505e+09
2.054215759257184505e+09
2.054215759257184505e+09
2.054215759257184505e+09
2.054215759257184505e+09
2.054215759257184505e+09
2.054215759257184505e+09
2.054215759257184505e+09
2.054215759257184505e+09
2.054215759257184505e+09
2.054215759257184505e+09
2.054215759257184505e+09
2.054215759257184505e+09
2.054215759257184505e+09
2.054215759257184505e+09
2.054215759257184505e+09
2.054215759257184505e+09
2.054215759257184505e+09
2.054215759257184505e+09
2.054215759257184505e+09
2.040566977957463503e+09
2.040566977957463503e+09
2.040566977957463503e+09
2.040566977957463503e+09
2.040566977957463503e+09
2.040566977957463503e+09
2.040566977957463503e+09
1.995772337404166460e+09
1.995772337404166460e+09
1.995772337404166460e+09
1.995772337404166460e+09
1.995772337404166460e+09
1.995772337404166460e+09
1.982959464006629944e+09
1.982959464006629944e+09
1.982959464006629944e+09
1.982959464006629944e+09
1.982959464006629944e+09
1.982959464006629944e+09
1.982959464006629944e+09
1.982959464006629944e+09
1.982959464006629944e+09
1.982959464006629944e+09
1.982959464006629944e+09
1.982959464006629944e+09
1.982959464006629944e+09
1.982959464006629944e+09
1.982959464006629944e+09
1.982959464006629944e+09
1.982959464006629944e+09
1.982959464006629944e+09
1.982959464006629944e+09
1.982959464006629944e+09
1.982959464006629944e+09
1.982959464006629944e+09
1.982959464006629944e+09
1.982959464006629944e+09
1.982959464006629944e+09
1.982959464006629944e+09
1.982959464006629944e+09
1.982959464006629944e+09
1.982959464006629944e+09
1.982959464006629944e+09
1.982959464006629944e+09
1.982959464006629944e+09
1.982959464006629944e+09
1.982959464006629944e+09
1.982959464006629944e+09
1.956091159787425756e+09
1.956091159787425756e+09
1.940690427616344690e+09
1.940690427616344690e+09
1.940690427616344690e+09
1.940690427616344690e+09
1.940690427616344690e+09
1.940690427616344690e+09
1.940690427616344690e+09
1.940690427616344690e+09
1.940690427616344690e+09
1.940690427616344690e+09
1.940690427616344690e+09
1.940690427616344690e+09
1.940690427616344690e+09
1.940690427616344690e+09
1.940690427616344690e+09
1.940690427616344690e+09
1.940690427616344690e+09
1.940690427616344690e+09
1.940690427616344690e+09
1.940690427616344690e+09
1.940690427616344690e+09
1.940690427616344690e+09
1.940690427616344690e+09
1.940690427616344690e+09
1.940690427616344690e+09
1.940690427616344690e+09
1.940690427616344690e+09
1.940690427616344690e+09
1.940690427616344690e+09
1.940690427616344690e+09
1.940690427616344690e+09
1.940690427616344690e+09
1.940690427616344690e+09
1.940690427616344690e+09
1.940690427616344690e+09
1.940690427616344690e+09
1.940690427616344690e+09
1.940690427616344690e+09
1.940690427616344690e+09
1.940690427616344690e+09
1.940690427616344690e+09
1.940690427616344690e+09
1.923206044212865591e+09
1.923206044212865591e+09
1.923206044212865591e+09
1.923206044212865591e+09
1.923206044212865591e+09
1.923206044212865591e+09
1.923206044212865591e+09
1.923206044212865591e+09
1.923206044212865591e+09
1.923206044212865591e+09
1.923206044212865591e+09
1.923206044212865591e+09
1.923206044212865591e+09
1.912188957249235868e+09
1.912188957249235868e+09
1.912188957249235868e+09
1.912188957249235868e+09
1.912188957249235868e+09
1.912188957249235868e+09
1.912188957249235868e+09
1.912188957249235868e+09
1.912188957249235868e+09
1.912188957249235868e+09
1.912188957249235868e+09
1.912188957249235868e+09
1.873362737844446659e+09
1.862804281132134438e+09
1.862804281132134438e+09
1.821804490655635118e+09
1.821804490655635118e+09
1.821804490655635118e+09
1.821804490655635118e+09
1.821804490655635118e+09
1.821804490655635118e+09
1.821804490655635118e+09
1.821804490655635118e+09
1.821804490655635118e+09
1.811044489568582773e+09
1.811044489568582773e+09
1.811044489568582773e+09
1.811044489568582773e+09
1.811044489568582773e+09
1.811044489568582773e+09
1.811044489568582773e+09
1.811044489568582773e+09
1.785880043899123430e+09
1.785880043899123430e+09
1.785880043899123430e+09
1.785880043899123430e+09
1.785880043899123430e+09
1.785880043899123430e+09
1.785880043899123430e+09
1.785880043899123430e+09
1.785880043899123430e+09
1.785880043899123430e+09
1.785880043899123430e+09
1.785880043899123430e+09
1.785880043899123430e+09
1.785880043899123430e+09
1.785880043899123430e+09
1.768886268914776325e+09
1.768886268914776325e+09
1.768886268914776325e+09
1.768886268914776325e+09
1.768886268914776325e+09
1.768886268914776325e+09
1.766637623957467556e+09
1.701147434481338501e+09
1.701147434481338501e+09
1.701147434481338501e+09
1.701147434481338501e+09
1.701147434481338501e+09
1.701147434481338501e+09
1.701147434481338501e+09
1.701147434481338501e+09
1.701147434481338501e+09
1.701147434481338501e+09
1.701147434481338501e+09
1.701147434481338501e+09
1.701147434481338501e+09
1.701147434481338501e+09
1.701147434481338501e+09
1.701147434481338501e+09
1.701147434481338501e+09
1.701147434481338501e+09
1.701147434481338501e+09
1.701147434481338501e+09
1.701147434481338501e+09
1.701147434481338501e+09
1.701147434481338501e+09
1.701147434481338501e+09
1.701147434481338501e+09
1.701147434481338501e+09
1.701147434481338501e+09
1.701147434481338501e+09
1.701147434481338501e+09
1.701147434481338501e+09
1.701147434481338501e+09
1.701147434481338501e+09
1.701147434481338501e+09
1.701147434481338501e+09
1.701147434481338501e+09
1.701147434481338501e+09
1.701147434481338501e+09
1.701147434481338501e+09
1.701147434481338501e+09
1.701147434481338501e+09
1.687125337068754196e+09
1.687125337068754196e+09
1.687125337068754196e+09
1.687125337068754196e+09
1.687125337068754196e+09
1.687125337068754196e+09
1.687125337068754196e+09
1.687125337068754196e+09
1.687125337068754196e+09
1.687125337068754196e+09
1.667152357501359940e+09
1.660803327405925274e+09
1.660803327405925274e+09
1.660803327405925274e+09
1.660803327405925274e+09
1.660803327405925274e+09
1.639279060964931965e+09
1.639279060964931965e+09
1.639279060964931965e+09
1.639279060964931965e+09
1.639279060964931965e+09
1.639279060964931965e+09
1.639279060964931965e+09
1.639279060964931965e+09
1.639279060964931965e+09
1.639279060964931965e+09
1.639279060964931965e+09
1.639279060964931965e+09
1.639279060964931965e+09
1.639279060964931965e+09
1.639279060964931965e+09
1.639279060964931965e+09
1.639279060964931965e+09
1.639279060964931965e+09
1.639279060964931965e+09
1.639279060964931965e+09
1.639279060964931965e+09
1.639279060964931965e+09
1.639279060964931965e+09
1.639279060964931965e+09
1.639279060964931965e+09
1.639279060964931965e+09
1.639279060964931965e+09
1.612373270291172028e+09
1.612373270291172028e+09
1.594633973197340965e+09
1.594633973197340965e+09
1.594633973197340965e+09
1.594633973197340965e+09
1.594633973197340965e+09
1.594633973197340965e+09
1.594633973197340965e+09
1.594633973197340965e+09
1.594326829922879696e+09
1.592114274992203236e+09
1.517538299144218445e+09
1.517538299144218445e+09
1.517538299144218445e+09
1.517538299144218445e+09
1.517538299144218445e+09
1.517538299144218445e+09
1.517538299144218445e+09
1.517538299144218445e+09
1.517538299144218445e+09
1.517538299144218445e+09
1.517538299144218445e+09
1.508721810905204773e+09
1.508721810905204773e+09
1.508721810905204773e+09
1.508721810905204773e+09
1.489596645856673241e+09
1.489596645856673241e+09
1.489596645856673241e+09
1.489596645856673241e+09
1.489596645856673241e+09
1.489596645856673241e+09
1.489596645856673241e+09
1.489596645856673241e+09
1.489596645856673241e+09
1.489596645856673241e+09
1.481559659401711464e+09
1.481559659401711464e+09
1.481559659401711464e+09
1.481559659401711464e+09
1.481559659401711464e+09
1.457168485601789474e+09
1.457168485601789474e+09
1.457168485601789474e+09
1.457168485601789474e+09
1.432408298007130623e+09
1.432408298007130623e+09
1.432408298007130623e+09
1.432408298007130623e+09
1.432408298007130623e+09
1.432408298007130623e+09
1.432408298007130623e+09
1.432408298007130623e+09
1.432408298007130623e+09
1.432408298007130623e+09
1.432408298007130623e+09
1.432408298007130623e+09
1.432408298007130623e+09
1.432408298007130623e+09
1.432408298007130623e+09
1.432408298007130623e+09
1.432408298007130623e+09
1.432408298007130623e+09
1.432408298007130623e+09
1.432408298007130623e+09
1.432408298007130623e+09
1.432408298007130623e+09
1.432408298007130623e+09
1.432408298007130623e+09
1.432408298007130623e+09
1.432408298007130623e+09
1.432408298007130623e+09
1.432408298007130623e+09
1.432408298007130623e+09
1.432408298007130623e+09
1.432408298007130623e+09
1.432408298007130623e+09
1.432408298007130623e+09
1.432408298007130623e+09
1.432408298007130623e+09
1.432408298007130623e+09
1.432408298007130623e+09
1.432408298007130623e+09
1.432408298007130623e+09
1.432408298007130623e+09
1.432408298007130623e+09
1.432408298007130623e+09
1.432408298007130623e+09
1.432408298007130623e+09
1.432408298007130623e+09
1.432408298007130623e+09
1.409902877897505045e+09
1.409902877897505045e+09
1.409902877897505045e+09
1.409902877897505045e+09
1.409902877897505045e+09
1.409902877897505045e+09
1.409902877897505045e+09
1.409902877897505045e+09
1.409902877897505045e+09
1.409902877897505045e+09
1.409902877897505045e+09
1.409902877897505045e+09
1.409902877897505045e+09
1.378513461224639654e+09
1.378513461224639654e+09
1.378513461224639654e+09
1.378513461224639654e+09
1.378513461224639654e+09
1.378513461224639654e+09
1.378513461224639654e+09
1.375012091939895391e+09
1.375012091939895391e+09
1.375012091939895391e+09
1.375012091939895391e+09
1.375012091939895391e+09
1.375012091939895391e+09
1.375012091939895391e+09
1.375012091939895391e+09
1.375012091939895391e+09
1.373679426491736412e+09
1.373679426491736412e+09
1.373679426491736412e+09
1.373679426491736412e+09
1.373679426491736412e+09
1.373679426491736412e+09
1.373679426491736412e+09
1.373679426491736412e+09
1.373679426491736412e+09
1.373679426491736412e+09
1.373679426491736412e+09
1.373679426491736412e+09
1.373679426491736412e+09
1.373679426491736412e+09
1.373679426491736412e+09
1.373679426491736412e+09
1.373679426491736412e+09
1.373679426491736412e+09
1.363225257196768999e+09
1.363225257196768999e+09
1.363225257196768999e+09
1.363225257196768999e+09
1.363225257196768999e+09
1.363225257196768999e+09
1.363225257196768999e+09
1.363225257196768999e+09
1.363225257196768999e+09
1.363225257196768999e+09
1.363225257196768999e+09
1.333717790171679258e+09
1.333717790171679258e+09
1.320823774904694080e+09
1.320823774904694080e+09
1.320823774904694080e+09
1.320823774904694080e+09
1.320823774904694080e+09
1.320823774904694080e+09
1.320823774904694080e+09
1.320823774904694080e+09
1.320823774904694080e+09
1.320823774904694080e+09
1.320823774904694080e+09
1.320823774904694080e+09
1.298459843125240088e+09
1.298459843125240088e+09
1.298459843125240088e+09
1.298459843125240088e+09
1.298459843125240088e+09
1.298459843125240088e+09
1.298459843125240088e+09
1.298459843125240088e+09
1.298459843125240088e+09
1.224043276990272045e+09
1.224043276990272045e+09
1.177020071089354753e+09
1.177020071089354753e+09
1.177020071089354753e+09
1.177020071089354753e+09
1.177020071089354753e+09
1.177020071089354753e+09
1.177020071089354753e+09
1.173852301883904219e+09
1.173852301883904219e+09
1.173852301883904219e+09
1.173852301883904219e+09
1.173852301883904219e+09
1.173852301883904219e+09
1.173852301883904219e+09
1.173852301883904219e+09
1.173852301883904219e+09
1.173852301883904219e+09
1.173852301883904219e+09
1.173852301883904219e+09
1.173852301883904219e+09
1.173852301883904219e+09
1.173852301883904219e+09
1.173852301883904219e+09
1.173852301883904219e+09
1.173852301883904219e+09
1.173852301883904219e+09
1.173852301883904219e+09
1.173852301883904219e+09
1.173852301883904219e+09
1.173852301883904219e+09
1.173852301883904219e+09
1.173852301883904219e+09
1.173852301883904219e+09
1.173852301883904219e+09
1.173852301883904219e+09
1.173852301883904219e+09
1.173852301883904219e+09
1.173852301883904219e+09
1.173852301883904219e+09
1.173852301883904219e+09
1.173852301883904219e+09
1.173852301883904219e+09
1.173852301883904219e+09
1.173852301883904219e+09
1.173852301883904219e+09
1.173852301883904219e+09
1.173852301883904219e+09
1.173852301883904219e+09
1.173852301883904219e+09
1.173852301883904219e+09
1.173852301883904219e+09
1.165606515948130369e+09
1.165606515948130369e+09
1.165606515948130369e+09
1.165606515948130369e+09
1.165606515948130369e+09
1.165606515948130369e+09
1.165606515948130369e+09
1.165606515948130369e+09
1.165606515948130369e+09
1.165606515948130369e+09
1.165606515948130369e+09
1.165606515948130369e+09
1.165606515948130369e+09
1.165606515948130369e+09
1.165606515948130369e+09
1.165606515948130369e+09
1.165606515948130369e+09
1.165606515948130369e+09
1.165606515948130369e+09
1.165606515948130369e+09
1.165606515948130369e+09
1.165606515948130369e+09
1.146221867967483521e+09
1.146221867967483521e+09
1.146221867967483521e+09
1.146221867967483521e+09
1.146221867967483521e+09
1.146221867967483521e+09
1.146221867967483521e+09
1.146221867967483521e+09
1.146221867967483521e+09
1.146221867967483521e+09
1.146221867967483521e+09
1.146221867967483521e+09
1.146221867967483521e+09
1.146221867967483521e+09
1.146221867967483521e+09
1.146221867967483521e+09
1.146221867967483521e+09
1.146221867967483521e+09
1.146221867967483521e+09
1.146221867967483521e+09
1.146221867967483521e+09
1.146221867967483521e+09
1.146221867967483521e+09
1.146221867967483521e+09
1.146221867967483521e+09
1.146221867967483521e+09
1.146221867967483521e+09
1.146221867967483521e+09
1.146221867967483521e+09
1.146221867967483521e+09
1.146221867967483521e+09
1.146221867967483521e+09
1.146221867967483521e+09
1.146221867967483521e+09
1.146221867967483521e+09
1.146221867967483521e+09
1.146221867967483521e+09
1.146221867967483521e+09
1.146221867967483521e+09
1.132388551883221388e+09
1.132388551883221388e+09
1.132388551883221388e+09
1.132388551883221388e+09
1.132388551883221388e+09
1.132388551883221388e+09
1.132388551883221388e+09
1.132388551883221388e+09
1.132388551883221388e+09
1.132388551883221388e+09
1.132388551883221388e+09
1.132388551883221388e+09
1.132388551883221388e+09
1.132388551883221388e+09
1.132388551883221388e+09
1.132388551883221388e+09
1.132388551883221388e+09
1.132388551883221388e+09
1.132388551883221388e+09
1.132388551883221388e+09
1.132388551883221388e+09
1.132388551883221388e+09
1.131293681196386576e+09
1.131293681196386576e+09
1.131293681196386576e+09
1.131293681196386576e+09
1.131293681196386576e+09
1.131293681196386576e+09
1.131293681196386576e+09
1.131293681196386576e+09
1.131293681196386576e+09
1.128886340173934937e+09
1.128886340173934937e+09
1.128886340173934937e+09
1.128886340173934937e+09
1.128886340173934937e+09
1.128886340173934937e+09
1.128886340173934937e+09
1.128886340173934937e+09
1.128886340173934937e+09
1.128886340173934937e+09
1.128886340173934937e+09
1.128886340173934937e+09
1.128886340173934937e+09
1.128886340173934937e+09
1.122976911452470064e+09
1.122976911452470064e+09
1.122976911452470064e+09
1.122976911452470064e+09
1.122976911452470064e+09
1.122976911452470064e+09
1.122976911452470064e+09
1.122976911452470064e+09
1.122976911452470064e+09
1.122976911452470064e+09
1.122976911452470064e+09
1.122976911452470064e+09
1.122976911452470064e+09
1.122976911452470064e+09
1.122976911452470064e+09
1.122976911452470064e+09
1.122976911452470064e+09
1.122976911452470064e+09
1.122976911452470064e+09
1.122976911452470064e+09
1.121423930259323835e+09
1.121423930259323835e+09
1.121423930259323835e+09
1.121423930259323835e+09
1.121423930259323835e+09
1.121423930259323835e+09
1.121423930259323835e+09
1.121423930259323835e+09
1.121423930259323835e+09
1.121423930259323835e+09
1.121423930259323835e+09
1.121423930259323835e+09
1.121423930259323835e+09
1.121423930259323835e+09
1.121423930259323835e+09
1.121423930259323835e+09
1.121423930259323835e+09
1.121423930259323835e+09
1.121423930259323835e+09
1.121423930259323835e+09
1.121423930259323835e+09
1.121423930259323835e+09
1.121423930259323835e+09
1.121423930259323835e+09
1.121423930259323835e+09
1.121423930259323835e+09
1.121423930259323835e+09
1.121423930259323835e+09
1.121423930259323835e+09
1.121423930259323835e+09
1.121423930259323835e+09
1.121423930259323835e+09
1.121423930259323835e+09
1.121423930259323835e+09
1.121423930259323835e+09
1.121423930259323835e+09
1.121423930259323835e+09
1.121423930259323835e+09
1.121423930259323835e+09
1.121423930259323835e+09
1.121423930259323835e+09
1.121423930259323835e+09
1.121423930259323835e+09
1.121423930259323835e+09
1.121423930259323835e+09
1.121423930259323835e+09
1.121423930259323835e+09
1.121423930259323835e+09
1.121423930259323835e+09
1.121423930259323835e+09
1.121423930259323835e+09
1.121423930259323835e+09
1.121423930259323835e+09
1.121423930259323835e+09
1.121423930259323835e+09
1.121423930259323835e+09
1.121423930259323835e+09
1.118181284904208660e+09
1.118181284904208660e+09
1.118181284904208660e+09
1.118181284904208660e+09
1.118181284904208660e+09
1.095724243655394554e+09
1.095724243655394554e+09
1.095724243655394554e+09
1.095724243655394554e+09
1.095724243655394554e+09
1.095724243655394554e+09
1.095724243655394554e+09
1.095724243655394554e+09
1.086941081322208405e+09
1.086941081322208405e+09
1.086941081322208405e+09
1.086941081322208405e+09
1.086941081322208405e+09
1.086941081322208405e+09
1.086941081322208405e+09
1.086941081322208405e+09
1.086941081322208405e+09
1.086941081322156668e+09
1.086941081322156668e+09
1.086941081322156668e+09
1.086941081322156668e+09
1.086941081322156668e+09
1.086941081322156668e+09
1.086941081322156668e+09
1.086941081322156668e+09
1.086941081322156668e+09
1.086941081322156668e+09
1.086941081322156668e+09
1.086941081322156668e+09
1.086941081322156668e+09
1.086941081322156668e+09
1.086941081322156668e+09
1.086941081322156668e+09
1.086941081322156668e+09
1.086941081322156668e+09
1.086941081322156668e+09
1.086941081322156668e+09
1.086941081322156668e+09
1.086941081322156668e+09
1.086941081322156668e+09
1.086941081322156668e+09
1.086941081322156668e+09
1.086941081322156668e+09
