0.000000000000000000e+00
0.000000000000000000e+00
0.000000000000000000e+00
0.000000000000000000e+00
0.000000000000000000e+00
0.000000000000000000e+00
0.000000000000000000e+00
0.000000000000000000e+00
0.000000000000000000e+00
0.000000000000000000e+00
9.496666666666666060e+03
1.492333333333333394e+04
1.831500000000000000e+04
2.238500000000000000e+04
2.509833333333333212e+04
2.984666666666666788e+04
3.120333333333333212e+04
3.188166666666666788e+04
3.256000000000000000e+04
3.527333333333333576e+04
3.527333333333333576e+04
3.663000000000000000e+04
3.730833333333333576e+04
3.798666666666666424e+04
3.934333333333333576e+04
4.205666666666666424e+04
4.273500000000000000e+04
4.409166666666666424e+04
4.477000000000000000e+04
4.816166666666666424e+04
4.951833333333333576e+04
5.291000000000000000e+04
5.358833333333333576e+04
5.426666666666666424e+04
5.494500000000000000e+04
5.562333333333333576e+04
5.969333333333333576e+04
6.105000000000000000e+04
6.512000000000000000e+04
6.986833333333332848e+04
